2502000000
2502000001
2502000002
2502000003
2502000004
2502000005
2502000006
2502000007
2502000008
2502000009
2502000010
2502000011
2502000012
2502000013
2502000014
2502000015
2502001000
2502001001
2502001002
2502001003
2502001004
2502001005
2502001006
2502001007
2502001008
2502001009
2502001010
2502001011
2502001012
2502001013
2502001014
2502001015
2502001016
2502001017
2502001018
2502001019
2502001020
2502001021
2502001022
2502001023
2502001024
2502001025
2502001026
2502001027
2502001028
2502001029
2502001030
2502001031
2502001032
2502001033
2502002000
2502002001
2502002002
2502002003
2502002004
2502002005
2502002006
2502002007
2502002008
2502002009
2502002010
2502002011
2503000000
2503000001
2503000002
2503000003
2503000004
2503000005
2503000006
2503000007
2503000008
2503000009
2503000010
2503000011
2503000012
2503000013
2503000014
2503000015
2503001000
2503001001
2503001002
2503001003
2503001004
2503001005
2503001006
2503001007
2503001008
2503001009
2503001010
2503001011
2503001012
2503001013
2503001014
2503001015
2504000000
2504000001
2504000002
2504000003
2504000004
2504000005
2504000006
2504000007
2504000008
2504000009
2504000010
2504000011
2504000012
2504000013
2504000014
2504000015
2504000016
2504001000
2504001001
2504001002
2504001003
2504001004
2504001005
2504001006
2504001007
2504001008
2504001009
2504001010
2504001011
2504001012
2504001013
2505000000
2505000001
2505000002
2505000003
2505000004
2505000005
2505000006
2505000007
2505000008
2505000009
2505000010
2505000011
2505000012
2505000013
2505000014
2505000015
2505000016
2505000017
2505000018
2505000019
2505000020
2505001000
2505001001
2505001002
2505001003
2505001004
2505001005
2505001006
2505001007
2505001008
2505001009
2505001010
2505001011
2505001012
2505001013
2505001014
2505001015
2505001016
2505002000
2505002001
2505002002
2505002003
2505002004
2505002005
2505002006
2505002007
2505002008
2505002009
2505002010
2505002011
2505002012
2505002013
2505002014
2505002015
2505002016
25408000
25408001
25408002
25408003
25408004
25408005
25408006
25408007
25408008
25408009
25409000
25409001
25409002
25409003
25409004
25409005
25409006
25409007
25409008
25409009
25410000
25410001
25410002
25410003
25410004
25410005
25410006
25410007
25410008
25410009
25410010
25410011
25411000
25411001
25411002
25411003
25411004
25411005
25411006
25411007
25411008
25411009
25411010
25411011
25411012
25411013
25411014
25411015
25411016
25411017
25412000
25412001
25412002
25412003
25412004
25412005
25412006
25412007
25412008
25412009
25412010
25412011
25412012
25412013
25414000
25414001
25414002
25414003
25414004
25414005
25414006
25414007
25416000
25416001
25416002
25416003
25416004
25417000
25417001
25417002
25417003
25417004
25418000
25418001
25418002
25418003
25419000
25419001
25420000
25420001
25420002
25420003
25420004
25421000
25421001
25421002
25421003
25422000
25423000
25424000
25425000
25426000
25427000
25427001
25427002
25427003
25428000
25428001
25428002
25428003
25428004
25428005
25428006
25428007
25429000
25429001
25429002
25429003
25430000
25430001
25430002
25430003
25430004
25430005
25430006
25430007
25430008
25431000
25431001
25431002
25431003
25431004
25431005
25431006
25432000
25436000
25436001
25436002
25436003
25436004
25436005
25436006
25436007
25436008
25436009
25436010
25436011
25436012
25436013
25436014
25436015
25436016
25436017
25436018
25436019
25436020
25436021
25436022
25436023
25436024
25436025
25436026
25436027
25436028
25436029
25436030
25437000
25437001
25437002
25437003
25437004
25437005
25437006
25437007
25437008
25437009
25437010
25437011
25437012
25437013
25437014
25437015
25437016
25437017
25437018
25438000
25438001
25438002
25438003
25438004
25438005
25438006
25438007
25438008
25438009
25438010
25438011
25438012
25438013
25438014
25438015
25438016
25438017
25438018
25438019
25438020
25438021
25438022
25438023
25438024
25438025
25438026
25438027
25438028
25438029
25438030
25438031
25439000
25439001
25439002
25440000
25440001
25440002
25440003
25440004
25440005
25440006
25440007
25440008
25440009
25440010
25440011
25440012
25440013
25440014
25440015
25440016
25440017
25440018
25441000
25441001
25441002
25441003
25441004
25441005
25442000
25442001
25442002
25442003
25442004
25442005
25442006
25443000
25443001
25443002
25443003
25443004
25443005
25443006
25443007
25443008
25443009
25443010
25444000
25444001
25444002
25444003
25444004
25444005
25444006
25444007
25444008
25445000
25445001
25446000
25446001
25446002
25446003
25446004
25446005
25447000
25447001
25448000
25448001
25448002
25449000
25449001
25449002
25449003
25450000
25450001
25450002
25451000
25451001
25451002
25451003
25452000
25452001
25452002
25453000
25453001
25453002
25453003
25453004
25454000
25454001
25454002
25454003
25455000
25455001
25455002
25455003
25455004
25455005
25455006
25455007
25455008
25460000
25460001
25460002
25460003
25460004
25460005
25460006
25460007
25460008
25460009
25460010
25460011
25460012
25460013
25460014
25461000
25461001
25461002
25461003
25461004
25461005
25461006
25461007
25461008
25461009
25462000
25462001
25462002
25462003
25462004
25462005
25462006
25462007
25462008
25463000
25463001
25463002
25463003
25463004
25463005
25463006
25463007
25463008
25463009
25463010
25463011
25463012
25463013
25464000
25464001
25464002
25464003
25464004
25464005
25464006
25464007
25464008
25464009
25464010
25464011
25464012
25465000
25465001
25465002
25465003
25465004
25465005
25465006
25465007
25465008
25465009
25465010
25465011
25466000
25466001
25466002
25466003
25466004
25466005
25466006
25466007
25466008
25466009
25466010
25466011
25466012
25466013
25466014
25466015
25466016
25466017
25466018
25467000
25467001
25467002
25467003
25468000
25468001
25468002
25468003
25469000
25469001
25469002
25469003
25469004
25470000
25470001
25470002
25470003
25470004
25470005
25470006
25470007
25471000
25471001
25471002
25471003
25471004
25471005
25471006
25472000
25472001
25472002
25472003
25472004
25472005
25472006
25472007
25472008
25472009
25472010
25472011
25472012
25472013
25472014
25472015
25473000
25473001
25473002
25473003
25473004
25473005
25473006
25473007
25473008
25473009
25474000
25474001
25474002
25474003
25475000
25475001
25475002
25475003
25475004
25475005
25475006
25476000
25476001
25476002
25476003
25476004
25476005
25476006
25476007
25476008
25476009
25476010
25477000
25477001
25477002
25477003
25477004
25477005
25478000
25478001
25478002
25478003
25478004
25478005
25478006
25478007
25478008
25478009
25478010
25478011
25478012
25479000
25479001
25479002
25479003
25479004
25479005
25479006
25479007
25480000
25480001
25480002
25480003
25480004
25480005
25480006
25481000
25481001
25481002
25481003
25481004
25481005
25481006
25481007
25481008
25481009
25481010
25481011
25482000
25482001
25482002
25482003
25482004
25482005
25482006
25482007
25482008
25483000
25483001
25483002
25483003
25483004
25483005
25483006
25483007
25483008
25483009
25483010
25484000
25484001
25484002
25484003
25484004
25484005
25485000
25485001
25485002
25485003
25485004
25486000
25486001
25486002
25486003
25486004
25486005
25486006
25486007
25486008
25486009
25486010
25486011
25487000
25487001
25487002
25487003
25487004
25487005
25487006
25487007
25487008
25487009
25487010
25487011
25488000000
25488000001
25488000002
25488000003
25488000004
25488000005
25488000006
25488000007
25488000008
25488000009
25488000010
25488000011
25488000012
25488000013
25488000014
25488000015
25488000016
25488000017
25488000018
25488000019
25488000020
25488000021
25488000022
25488000023
25488000024
25488000025
25488000026
25488000027
25488000028
25488000029
25488000030
25488000031
25488000032
25488000033
25488000034
25488000035
25488000036
25488000037
25488000038
25488000039
25488000040
25488000041
25488000042
25488000043
25488000044
25488000045
25488000046
25488000047
25488000048
25488000049
25488000050
25488000051
25488000052
25488000053
25488000054
25488000055
25488000056
25488000057
25488000058
25488000059
25488000060
25488000061
25488001000
25488001001
25488001002
25488001003
25488001004
25488001005
25488001006
25488001007
25488001008
25488001009
25488001010
25488001011
25488001012
25488001013
25488001014
25488001015
25488001016
25488001017
25488001018
25488001019
25488001020
25488001021
25488001022
25488001023
25488001024
25488001025
25488001026
25488001027
25488001028
25488001029
25488001030
25488001031
25488001032
25488001033
25488001034
25488001035
25488001036
25488001037
25488001038
25488001039
25488001040
25488001041
25488001042
25488001043
25488001044
25488001045
25488001046
25488001047
25488001048
25488001049
25488001050
25488001051
25488001052
25488001053
25488001054
25488001055
25488001056
25488002000
25488002001
25488002002
25488002003
25488002004
25488002005
25488002006
25488002007
25488002008
25488002009
25488002010
25488002011
25488002012
25488002013
25488002014
25488002015
25488002016
25488002017
25488002018
25488002019
25488002020
25488002021
25488002022
25488002023
25488002024
25488002025
25488002026
25488002027
25488002028
25488002029
25488002030
25489000000
25489000001
25489000002
25489000003
25489000004
25489000005
25489000006
25489000007
25489000008
25489000009
25489000010
25489000011
25489000012
25489000013
25489000014
25489000015
25489000016
25489000017
25489000018
25489000019
25489000020
25489000021
25489000022
25489000023
25489000024
25489000025
25489000026
25489000027
25489000028
25489000029
25489000030
25489000031
25489000032
25489000033
25489000034
25489000035
25489000036
25489000037
25489000038
25490002000
25490002001
25490002002
25490002003
25490002004
25490002005
25490002006
25490002007
25490002008
25490002009
25490002010
25490002011
25490002012
25490002013
25490002014
25490002015
25490002016
25490002017
25490002018
25490002019
25490002020
25490002021
25490002022
25490002023
25490002024
25490002025
25490002026
25490002027
25490002028
25490002029
25490002030
25490002031
25490002032
25490002033
25490002034
25493000
25493001
25493002
25493003
25493004
25493005
25493006
25493007
25493008
25493009
25493010
25493011
25493012
25493013
25493014
25494000
25494001
25494002
25494003
25494004
25494005
25494006
25494007
25494008
25494009
25494010
25494011
25494012
25495000
25495001
25495002
25495003
25495004
25495005
25495006
25495007
25495008
25495009
25495010
25495011
25495012
25495013
25496000
25496001
25496002
25496003
25496004
25496005
25496006
25496007
25496008
25496009
25496010
25496011
25496012
25496013
25496014
25496015
25496016
25496017
25496018
25496019
25496020
25496021
25497000
25497001
25497002
25497003
25497004
25497005
25497006
25497007
25497008
25497009
25498000
25498001
25498002
25498003
25498004
25498005
25498006
25498007
25498008
25498009
25498010
25498011
25498012
25498013
25498014
25498015
25498016
25498017
25498018
25499000
25499001
25499002
25499003
25499004
25499005
25499006
25499007
25499008
25499009
25500000
25500001
25500002
25500003
25500004
25500005
25500006
25501000
25501001
25501002
25501003
25502000
25502001
25502002
25502003
25502004
25502005
25502006
25502007
25502008
25502009
25502010
25502011
25503000
25503001
25503002
25503003
25503004
25503005
25503006
25503007
25503008
25503009
25503010
25503011
25503012
25504000
25504001
25504002
25504003
25504004
25504005
25504006
25504007
25504008
25504009
25504010
25504011
25504012
25504013
25505000
25505001
25505002
25505003
25505004
25505005
25505006
25505007
25505008
25505009
25505010
25505011
25505012
25506000
25506001
25506002
25506003
25507000
25507001
25507002
25507003
25507004
25507005
25507006
25507007
25508000
25508001
25508002
25508003
25508004
25508005
25508006
25508007
25508008
25508009
25508010
25509000
25509001
25509002
25509003
25509004
25509005
25509006
25510000
25510001
25510002
25510003
25510004
25510005
25510006
25510007
25510008
25510009
25511000
25511001
25511002
25511003
25511004
25511005
25511006
25511007
25511008
25511009
25511010
25511011
25511012
25511013
25512000
25512001
25512002
25512003
25512004
25512005
25512006
25512007
25512008
25512009
25512010
25512011
25512012
25512013
25513000
25513001
25513002
25513003
25513004
25513005
25513006
25513007
25513008
25513009
25513010
25513011
25513012
25513013
25513014
25513015
25514000
25515000
25515001
25516000
25516001
25516002
25516003
25516004
25516005
25516006
25516007
25517000
25517001
25517002
25517003
25517004
25517005
25517006
25517007
25517008
25517009
25518000
25518001
25518002
25518003
25518004
25518005
25518006
25518007
25518008
25519000
25519001
25519002
25519003
25519004
25519005
25519006
25519007
25520000
25520001
25520002
25520003
25520004
25520005
25520006
25520007
25520008
25520009
25520010
25521000
25521001
25521002
25521003
25521004
25521005
25521006
25521007
25521008
25521009
25521010
25521011
25522000
25522001
25522002
25522003
25522004
25522005
25522006
25522007
25522008
25522009
25522010
25522011
25522012
25522013
25522014
25522015
25522016
25522017
25522018
25522019
25522020
25523000
25523001
25523002
25523003
25523004
25523005
25523006
25523007
25523008
25523009
25523010
25523011
25523012
25523013
25523014
25523015
25524000
25524001
25524002
25524003
25524004
25524005
25524006
25524007
25524008
25524009
25524010
25525000
25525001
25525002
25525003
25525004
25525005
25525006
25525007
25525008
25525009
25525010
25525011
25526000
25526001
25526002
25526003
25526004
25526005
25526006
25526007
25526008
25526009
25526010
25526011
25526012
25526013
25526014
25526015
25526016
25527000
25527001
25527002
25527003
25527004
25527005
25527006
25527007
25527008
25527009
25527010
25527011
25527012
25527013
25527014
25527015
25527016
25527017
25528000
25528001
25528002
25528003
25528004
25528005
25528006
25528007
25528008
25528009
25528010
25528011
25528012
25528013
25529000
25529001
25529002
25529003
25529004
25529005
25529006
25529007
25529008
25529009
25529010
25529011
25529012
25529013
25529014
25529015
25529016
25529017
25529018
25530000
25530001
25530002
25530003
25530004
25530005
25530006
25530007
25530008
25530009
25530010
25530011
25530012
25530013
25530014
25530015
25530016
25581000
25581001
25581002
25581003
25581004
25581005
25581006
25581007
25581008
25581009
25581010
25581011
25581012
25581013
25581014
25581015
25581016
25581017
25581018
25581019
25581020
25581021
25581022
25582000
25582001
25582002
25582003
25582004
25582005
25582006
25582007
25582008
25582009
25582010
25582011
25582012
25582013
25582014
25582015
25582016
25582017
25582018
25582019
25583000
25583001
25583002
25583003
25583004
25583005
25583006
25583007
25583008
25583009
25583010
25583011
25583012
25583013
25583014
25583015
25583016
25584000
25584001
25584002
25584003
25584004
25584005
25584006
25584007
25584008
25584009
25584010
25584011
25584012
25584013
25584014
25584015
25585000
25585001
25585002
25585003
25585004
25585005
25585006
25585007
25585008
25585009
25585010
25585011
25585012
25585013
25585014
25585015
25585016
25585017
25585018
25585019
25585020
25586000
25586001
25586002
25586003
25586004
25587000
25587001
25587002
25587003
25587004
25587005
25587006
25588000
25588001
25588002
25588003
25588004
25588005
25588006
25588007
25588008
25588009
25589000
25589001
25589002
25589003
25589004
25589005
25589006
25589007
25589008
25589009
25589010
25589011
25589012
25589013
25589014
25589015
25589016
25589017
25589018
25590000
25590001
25590002
25590003
25590004
25590005
25590006
25590007
25590008
25590009
25590010
25590011
25590012
25590013
25590014
25590015
25590016
25590017
25590018
25590019
25590020
25591000
25591001
25591002
25591003
25591004
25591005
25591006
25591007
25591008
25591009
25591010
25591011
25591012
25591013
25591014
25591015
25591016
25591017
25592000
25592001
25592002
25592003
25592004
25592005
25592006
25592007
25592008
25592009
25592010
25592011
25592012
25592013
25592014
25592015
25592016
25592017
25592018
25592019
25592020
25592021
25593000
25593001
25593002
25593003
25593004
25593005
25593006
25593007
25593008
25593009
25593010
25593011
25593012
25593013
25593014
25593015
25593016
25593017
25593018
25593019
25593020
25593021
25594000
25594001
25594002
25594003
25594004
25594005
25594006
25594007
25594008
25594009
25594010
25594011
25594012
25594013
25594014
25594015
25594016
25595000
25595001
25595002
25595003
25595004
25595005
25595006
25595007
25595008
25595009
25595010
25595011
25595012
25595013
25595014
25596000
25596001
25596002
25596003
25596004
25596005
25596006
25596007
25596008
25596009
25596010
25596011
25596012
25596013
25596014
25596015
25596016
25596017
25596018
25597000
25597001
25597002
25597003
25597004
25597005
25597006
25597007
25597008
25597009
25597010
25597011
25597012
25597013
25597014
25597015
25597016
25597017
25597018
25597019
25598000
25598001
25598002
25598003
25598004
25598005
25598006
25598007
25598008
25598009
25598010
25598011
25598012
25598013
25598014
25598015
25598016
25599000
25599001
25599002
25599003
25599004
25599005
25599006
25599007
25599008
25599009
25599010
25599011
25599012
25599013
25599014
25599015
25599016
25600000
25600001
25600002
25600003
25600004
25600005
25600006
25600007
25600008
25600009
25600010
25600011
25600012
25600013
25600014
25600015
25601000
25601001
25601002
25601003
25602000
25602001
25602002
25602003
25602004
25602005
25602006
25603000
25603001
25603002
25603003
25603004
25603005
25603006
25603007
25603008
25603009
25603010
25603011
25603012
25603013
25603014
25603015
25603016
25603017
25604000
25604001
25604002
25604003
25604004
25604005
25604006
25604007
25604008
25604009
25604010
25604011
25604012
25604013
25604014
25604015
25605000
25605001
25605002
25605003
25605004
25605005
25605006
25605007
25605008
25605009
25605010
25605011
25605012
25605013
25605014
25605015
25605016
25605017
25605018
25605019
25605020
25605021
25605022
25605023
25605024
25606000
25606001
25606002
25606003
25606004
25606005
25606006
25606007
25606008
25606009
25606010
25606011
25606012
25606013
25607000
25607001
25607002
25607003
25607004
25607005
25607006
25607007
25607008
25607009
25607010
25607011
25607012
25607013
25607014
25607015
25607016
25607017
25607018
25607019
25608000
25608001
25608002
25608003
25608004
25608005
25608006
25608007
25608008
25608009
25608010
25608011
25608012
25608013
25608014
25608015
25609000
25609001
25609002
25609003
25609004
25609005
25609006
25609007
25609008
25609009
25609010
25609011
25609012
25609013
25609014
25609015
25609016
25609017
25609018
25609019
25609020
25609021
25610000
25610001
25610002
25610003
25610004
25610005
25610006
25610007
25610008
25610009
25610010
25610011
25610012
25610013
25610014
25610015
25610016
25610017
25610018
25611000
25611001
25611002
25611003
25611004
25611005
25611006
25611007
25611008
25611009
25611010
25611011
25612000
25612001
25612002
25612003
25612004
25612005
25612006
25612007
25612008
25612009
25612010
25613000
25613001
25613002
25613003
25613004
25613005
25613006
25613007
25613008
25614000
25614001
25614002
25614003
25614004
25614005
25614006
25614007
25614008
25614009
25615000
25615001
25615002
25615003
25615004
25615005
25615006
25615007
25615008
25615009
25615010
25615011
25615012
25615013
25616000
25616001
25616002
25616003
25616004
25616005
25616006
25616007
25616008
25616009
25616010
25616011
25616012
25616013
25616014
25616015
25617000
25617001
25617002
25617003
25617004
25617005
25617006
25617007
25617008
25617009
25617010
25617011
25617012
25617013
25618000
25618001
25618002
25618003
25618004
25618005
25618006
25618007
25618008
25618009
25618010
25618011
25618012
25618013
25618014
25618015
25618016
25619000
25619001
25619002
25619003
25619004
25619005
25619006
25619007
25619008
25619009
25619010
25620000
25620001
25620002
25620003
25620004
25620005
25620006
25620007
25620008
25620009
25620010
25620011
25620012
25620013
25621000
25621001
25621002
25621003
25621004
25621005
25621006
25621007
25621008
25621009
25621010
25621011
25621012
25621013
25621014
25621015
25622000
25622001
25622002
25622003
25622004
25622005
25622006
25622007
25622008
25622009
25622010
25622011
25622012
25622013
25622014
25622015
25622016
25623000
25623001
25623002
25623003
25623004
25623005
25623006
25623007
25623008
25623009
25623010
25623011
25623012
25623013
25623014
25623015
25624000
25624001
25624002
25624003
25624004
25624005
25624006
25624007
25624008
25624009
25624010
25624011
25624012
25624013
25624014
25624015
25624016
25624017
25624018
25624019
25624020
25625000
25625001
25625002
25625003
25625004
25625005
25625006
25625007
25625008
25625009
25625010
25625011
25625012
25625013
25625014
25625015
25625016
25626000
25626001
25626002
25626003
25626004
25626005
25626006
25626007
25626008
25626009
25626010
25626011
25626012
25626013
25626014
25626015
25626016
25626017
25626018
25626019
25626020
25626021
25626022
25627000
25627001
25627002
25627003
25627004
25627005
25627006
25627007
25627008
25627009
25627010
25627011
25627012
25627013
25627014
25627015
25627016
25627017
25627018
25628000
25628001
25628002
25628003
25628004
25628005
25628006
25628007
25628008
25628009
25628010
25628011
25628012
25628013
25628014
25628015
25628016
25628017
25628018
25628019
25628020
25628021
25628022
25628023
25628024
25628025
25629000
25629001
25629002
25629003
25629004
25629005
25629006
25629007
25629008
25629009
25629010
25629011
25629012
25629013
25629014
25629015
25629016
25629017
25629018
25629019
25629020
25630000
25630001
25630002
25630003
25630004
25630005
25630006
25630007
25630008
25630009
25630010
25630011
25630012
25630013
25630014
25630015
25631000
25631001
25631002
25631003
25631004
25631005
25631006
25631007
25631008
25631009
25631010
25631011
25631012
25631013
25631014
25631015
25631016
25631017
25631018
25631019
25632000
25632001
25632002
25632003
25632004
25632005
25632006
25632007
25632008
25632009
25632010
25632011
25632012
25632013
25632014
25632015
25632016
25632017
25632018
25632019
25632020
25632021
25632022
25632023
25632024
25633000
25633001
25633002
25633003
25633004
25633005
25633006
25633007
25633008
25633009
25633010
25633011
25633012
25633013
25633014
25633015
25633016
25633017
25633018
25633019
25633020
25633021
25634000
25634001
25634002
25634003
25634004
25634005
25634006
25634007
25634008
25634009
25634010
25634011
25634012
25634013
25634014
25634015
25634016
25635000
25635001
25635002
25635003
25635004
25635005
25635006
25635007
25635008
25635009
25635010
25635011
25635012
25635013
25635014
25635015
25635016
25635017
25636000
25636001
25636002
25636003
25636004
25636005
25636006
25636007
25636008
25636009
25636010
25636011
25636012
25636013
25636014
25636015
25636016
25636017
25636018
25636019
25637000
25637001
25637002
25637003
25637004
25637005
25637006
25637007
25637008
25637009
25637010
25637011
25637012
25637013
25637014
25638000
25638001
25638002
25638003
25638004
25638005
25638006
25638007
25638008
25638009
25638010
25639000
25639001
25639002
25639003
25639004
25639005
25639006
25639007
25639008
25639009
25639010
25639011
25639012
25639013
25639014
25639015
25639016
25639017
25639018
25639019
25639020
25639021
25639022
25639023
25639024
25640000
25640001
25640002
25640003
25640004
25640005
25640006
25640007
25640008
25640009
25640010
25640011
25640012
25640013
25640014
25640015
25640016
25640017
25640018
25640019
25640020
25640021
25640022
25640023
25640024
25641000
25641001
25641002
25641003
25641004
25641005
25641006
25641007
25641008
25641009
25641010
25641011
25641012
25641013
25641014
25641015
25641016
25641017
25641018
25641019
25642000
25642001
25642002
25642003
25642004
25642005
25642006
25642007
25642008
25642009
25642010
25642011
25642012
25642013
25643000
25643001
25643002
25643003
25643004
25643005
25643006
25643007
25643008
25643009
25643010
25643011
25644000
25644001
25644002
25644003
25644004
25644005
25644006
25644007
25644008
25644009
25644010
25644011
25644012
25644013
25644014
25644015
25644016
25645000
25645001
25645002
25645003
25645004
25645005
25645006
25645007
25645008
25645009
25645010
25645011
25645012
25645013
25645014
25645015
25645016
25645017
25645018
25645019
25645020
25645021
25645022
25645023
25645024
25645025
25646000
25646001
25646002
25646003
25646004
25646005
25646006
25646007
25646008
25646009
25646010
25646011
25646012
25646013
25646014
25646015
25646016
25647000
25647001
25647002
25647003
25647004
25647005
25647006
25647007
25647008
25647009
25647010
25647011
25647012
25647013
25647014
25647015
25647016
25647017
25647018
25647019
25647020
25647021
25647022
25647023
25648000
25648001
25648002
25648003
25648004
25648005
25648006
25648007
25648008
25648009
25648010
25648011
25648012
25648013
25648014
25648015
25648016
25648017
25648018
25648019
25648020
25648021
25648022
25648023
25648024
25648025
25648026
25648027
25648028
25648029
25648030
25648031
25648032
25649000
25649001
25649002
25649003
25649004
25649005
25649006
25649007
25649008
25649009
25649010
25649011
25649012
25649013
25649014
25649015
25649016
25649017
25649018
25649019
25649020
25649021
25649022
25649023
25649024
25649025
25649026
25649027
25649028
25649029
25650000
25650001
25650002
25650003
25650004
25650005
25650006
25650007
25650008
25650009
25650010
25650011
25650012
25650013
25650014
25650015
25650016
25650017
25650018
25650019
25650020
25650021
25650022
25650023
25650024
25651000
25651001
25651002
25651003
25651004
25651005
25651006
25651007
25651008
25651009
25651010
25651011
25651012
25651013
25651014
25651015
25651016
25651017
25651018
25651019
25651020
25651021
25651022
25651023
25651024
25651025
25651026
25651027
25651028
25652000
25652001
25652002
25652003
25652004
25652005
25652006
25652007
25652008
25652009
25652010
25652011
25652012
25652013
25652014
25652015
25652016
25652017
25653000
25653001
25653002
25653003
25653004
25653005
25653006
25653007
25653008
25653009
25653010
25653011
25653012
25653013
25653014
25653015
25653016
25654000
25654001
25654002
25654003
25654004
25654005
25654006
25654007
25654008
25654009
25654010
25654011
25654012
25654013
25654014
25654015
25654016
25654017
25655000
25655001
25655002
25655003
25655004
25655005
25655006
25655007
25655008
25655009
25655010
25665000
25665001
25665002
25665003
25665004
25665005
25665006
25665007
25665008
25665009
25665010
25665011
25665012
25665013
25665014
25665015
25665016
25665017
25665018
25665019
25665020
25665021
25665022
25665023
25666000
25666001
25666002
25666003
25666004
25666005
25666006
25666007
25666008
25666009
25666010
25666011
25666012
25666013
25666014
25666015
25667000
25667001
25667002
25667003
25667004
25667005
25667006
25667007
25667008
25667009
25667010
25667011
25667012
25667013
25668000
25668001
25668002
25668003
25668004
25668005
25668006
25668007
25668008
25668009
25668010
25668011
25668012
25669000
25669001
25669002
25669003
25669004
25669005
25669006
25669007
25669008
25669009
25669010
25669011
25669012
25669013
25669014
25669015
25670000
25670001
25670002
25670003
25670004
25670005
25670006
25670007
25670008
25670009
25670010
25670011
25670012
25670013
25670014
25670015
25670016
25670017
25671000
25671001
25671002
25671003
25671004
25671005
25671006
25671007
25671008
25671009
25671010
25671011
25671012
25671013
25671014
25671015
25671016
25672000
25672001
25672002
25672003
25672004
25672005
25672006
25672007
25672008
25672009
25672010
25672011
25672012
25672013
25673000
25673001
25673002
25673003
25673004
25673005
25720000
25720001
25720002
25720003
25720004
25720005
25720006
25720007
25720008
25720009
25720010
25720011
25720012
25720013
25720014
25720015
25720016
25720017
25720018
25720019
25720020
25720021
25720022
25720023
25721000
25721001
25721002
25721003
25721004
25721005
25721006
25721007
25721008
25721009
25721010
25722000
25722001
25722002
25722003
25722004
25722005
25722006
25722007
25722008
25722009
25722010
25722011
25722012
25722013
25722014
25722015
25723000
25723001
25723002
25723003
25723004
25723005
25723006
25723007
25723008
25723009
25723010
25723011
25723012
25723013
25723014
25723015
25723016
25723017
25723018
25723019
25723020
25723021
25723022
25723023
25724000
25724001
25724002
25724003
25724004
25724005
25724006
25724007
25724008
25724009
25724010
25724011
25724012
25724013
25724014
25724015
25724016
25724017
25724018
25724019
25724020
25724021
25724022
25724023
25725000
25725001
25725002
25725003
25725004
25725005
25725006
25725007
25725008
25725009
25725010
25725011
25725012
25725013
25725014
25725015
25725016
25725017
25725018
25725019
25725020
25725021
25725022
25725023
25725024
25725025
25725026
25725027
25725028
25725029
25725030
25725031
25725032
25725033
25726000
25726001
25726002
25726003
25726004
25726005
25726006
25726007
25726008
25726009
25726010
25726011
25726012
25727000
25727001
25727002
25727003
25727004
25727005
25727006
25727007
25727008
25727009
25727010
25727011
25728000
25728001
25728002
25728003
25728004
25728005
25728006
25728007
25728008
25728009
25728010
25728011
25728012
25728013
25728014
25728015
25728016
25728017
25728018
25729000
25729001
25729002
25729003
25729004
25729005
25729006
25729007
25729008
25729009
25729010
25729011
25729012
25729013
25729014
25729015
25729016
25729017
25729018
25729019
25729020
25729021
25729022
25729023
25729024
25729025
25729026
25729027
25729028
25729029
25729030
25729031
25729032
25729033
25730000
25730001
25730002
25730003
25730004
25730005
25730006
25730007
25730008
25730009
25730010
25730011
25730012
25730013
25730014
25730015
25730016
25730017
25730018
25730019
25730020
25731000
25731001
25731002
25731003
25731004
25731005
25731006
25731007
25731008
25731009
25731010
25731011
25731012
25731013
25731014
25731015
25731016
25731017
25731018
25731019
25732000
25732001
25732002
25732003
25732004
25732005
25732006
25732007
25732008
25732009
25732010
25732011
25732012
25732013
25732014
25732015
25732016
25732017
25732018
25732019
25733000
25733001
25733002
25733003
25733004
25733005
25733006
25733007
25733008
25733009
25733010
25733011
25733012
25733013
25733014
25733015
25733016
25733017
25733018
25733019
25734000
25734001
25734002
25734003
25734004
25734005
25734006
25734007
25734008
25734009
25734010
25734011
25734012
25734013
25734014
25734015
25734016
25734017
25734018
25734019
25734020
25735000
25735001
25735002
25735003
25735004
25735005
25735006
25735007
25735008
25735009
25735010
25735011
25735012
25735013
25735014
25735015
25735016
25736000
25736001
25736002
25736003
25736004
25736005
25736006
25736007
25736008
25736009
25736010
25736011
25736012
25736013
25736014
25736015
25737000
25737001
25737002
25737003
25737004
25737005
25737006
25737007
25737008
25737009
25737010
25737011
25737012
25737013
25737014
25737015
25737016
25737017
25737018
25737019
25737020
25737021
25737022
25737023
25737024
25737025
25737026
25737027
25738000
25738001
25738002
25738003
25738004
25738005
25738006
25738007
25738008
25738009
25738010
25738011
25738012
25738013
25738014
25739000
25739001
25739002
25739003
25739004
25739005
25739006
25739007
25739008
25739009
25739010
25739011
25739012
25739013
25739014
25739015
25739016
25739017
25739018
25739019
25739020
25739021
25739022
25739023
25739024
25739025
25739026
25739027
25739028
25739029
25739030
25739031
25740000
25740001
25740002
25740003
25740004
25740005
25740006
25740007
25740008
25740009
25741000
25741001
25741002
25741003
25741004
25741005
25741006
25741007
25741008
25741009
25741010
25742000
25742001
25742002
25742003
25742004
25742005
25742006
25742007
25742008
25742009
25742010
25742011
25743000
25743001
25743002
25743003
25743004
25743005
25743006
25743007
25743008
25743009
25743010
25743011
25743012
25743013
25743014
25743015
25743016
25743017
25743018
25743019
25744000
25744001
25744002
25744003
25744004
25744005
25744006
25744007
25744008
25744009
25744010
25744011
25744012
25744013
25744014
25744015
25744016
25744017
25744018
25744019
25744020
25744021
25744022
25745000
25745001
25745002
25745003
25745004
25745005
25745006
25745007
25745008
25745009
25745010
25745011
25745012
25745013
25745014
25745015
25745016
25745017
25745018
25746000
25746001
25746002
25746003
25746004
25746005
25746006
25746007
25746008
25746009
25746010
25746011
25746012
25746013
25746014
25746015
25746016
25746017
25746018
25746019
25746020
25746021
25746022
25746023
25746024
25746025
25746026
25746027
25747000
25747001
25747002
25747003
25747004
25747005
25747006
25747007
25747008
25748000
25748001
25748002
25748003
25748004
25748005
25748006
25748007
25748008
25748009
25748010
25748011
25748012
25748013
25748014
25748015
25748016
25749000
25749001
25749002
25749003
25749004
25749005
25749006
25749007
25749008
25749009
25749010
25749011
25749012
25749013
25749014
25749015
25749016
25750000
25750001
25750002
25750003
25750004
25750005
25750006
25750007
25750008
25750009
25750010
25750011
25750012
25750013
25750014
25750015
25752000
25752001
25752002
25752003
25752004
25752005
25752006
25752007
25752008
25752009
25752010
25752011
25752012
25752013
25752014
25752015
25752016
25753000
25753001
25753002
25753003
25753004
25753005
25753006
25753007
25753008
25753009
25753010
25753011
25753012
25753013
25753014
25753015
25753016
25754000
25754001
25754002
25754003
25754004
25754005
25754006
25754007
25754008
25754009
25754010
25754011
25754012
25754013
25754014
25754015
25754016
25754017
25754018
25754019
25754020
25754021
25754022
25754023
25754024
25754025
25754026
25754027
25755000
25755001
25755002
25755003
25755004
25755005
25755006
25755007
25755008
25755009
25755010
25755011
25755012
25755013
25755014
25756000
25756001
25756002
25756003
25756004
25756005
25756006
25756007
25756008
25756009
25756010
25756011
25756012
25756013
25756014
25756015
25756016
25756017
25757000
25757001
25757002
25757003
25757004
25757005
25757006
25757007
25757008
25757009
25757010
25757011
25757012
25757013
25757014
25758000
25758001
25758002
25758003
25758004
25758005
25758006
25758007
25758008
25758009
25758010
25758011
25758012
25758013
25758014
25758015
25758016
25758017
25758018
25759000
25759001
25759002
25759003
25759004
25759005
25759006
25759007
25759008
25759009
25759010
25759011
25759012
25759013
25759014
25759015
25759016
25759017
25759018
25759019
25759020
25760000
25760001
25760002
25760003
25760004
25760005
25760006
25760007
25760008
25760009
25760010
25760011
25760012
25760013
25760014
25760015
25760016
25760017
25760018
25760019
