25408
25409
25410
25411
25436
25437
25438
25493
25494
25495
25496
25497
25499
25500
25502
25503
25504
25505
25506
25508
25509
25510
25511
25512
25513
25515
25516
25517
25518
25519
25521
25522
25523
25524
25525
25526
25527
25528
25529
25581
25582
25583
25584
25585
25586
25587
25589
25590
25591
25592
25593
25594
25595
25596
25597
25598
25599
25600
25601
25602
25603
25604
25605
25606
25607
25608
25609
25610
25611
25612
25613
25614
25615
25616
25617
25618
25619
25620
25621
25622
25623
25624
25626
25627
25628
25629
25630
25631
25633
25634
25635
25636
25637
25638
25639
25641
25642
25643
25644
25645
25646
25647
25648
25649
25650
25651
25652
25665
25666
25667
25668
25669
25670
25671
25673
25674
25675
25677
25678
25679
25680
25681
25682
25683
25684
25685
25686
25687
25688
25689
25691
25692
25693
25694
25695
25696
25697
25698
25700
25701
25702
25703
25704
25705
25706
25707
25708
25709
25710
25711
25712
25713
25714
25715
25716
25717
25718
25719
25721
25722
25723
25724
25725
25726
25727
25728
25729
25730
25731
25732
25733
25734
25735
25736
25737
25738
25739
25740
25741
25742
25743
25744
25745
25746
25747
25748
25749
25750
25751
25752
25753
25755
25756
25757
25758
25759
25760
25761
25763
25764
25765
25766
25767
25768
25769
25770
25771
25772
25773
25774
25775
25776
25777
25778
25779
25780
25781
25782
25783
25784
25785
25786
25787
25788
25789
25790
25791
25792
